1290785
1329307
1392234
1406232
1466701
1540056
1552020
1833846
1836337
1836463
1874669
1900149
1904335
1904906
1920642
2051429
2105750
2111412
2118910
2121389
2127290
2146273
2146942
2177471
2433801
2494011
2495876
2505437
2674091
2757125
2820009
2820538
2944404
2950245
2976549
3009903
3079839
3088878
3093778
3104233
3107191
3107517
3125183
3126470
3127583
3127584
3130496
3131907
3139811
3141723
3429469
3933982
6237599
6303792
6409676
6427459
6429151
6429330
7473455
7502624
7594994
7662820
7735680
7803589
7838554
7841150
7940491
7953459
8005770
8152233
8175836
8316422
8360222
8408127
8523317
8582902
8680924
8711606
8722983
8803412
8810025
8811548
8823020
8934328
9013110
9037292
9075281
9193270
9215079
9408372
9470116
9549265
10150023
10171207
10186967
10319334
10363105
10398022
10448728
10452239
10489128
10555794
10555851
10743862
10773130
10878837
10898880
10900623
10914804
10971034
11030396
11074836
11133543
11200831
11216785
11266256
11292034
11418899
11426639
11472047
11490124
11518348
11642536
11742175
11760872
11829033
12001260
12162896
12361068
12390568
12522405
12539022
12873869
14577722
14620122
14725097
14743321
15224166
15253076
15490806
15792541
15841637
15859359
15883939
15887094
15979853
15991233
16006973
16143872
16211566
16240081
16343143
16442157
16545449
16701785
16779815
16865616
16896739
16896750
16977345
16977393
16980896
16989736
17089987
17139470
17326141
17478750
17670681
17919122
17988437
18004554
18060964
18076436
18085497
18085498
18347240
18458759
18460759
18504147
18518674
18589266
18594415
18678508
18687027
18711058
18851880
18947605
19144266
19157423
19231586
19233465
19299161
19353561
19371838
19372619
19426182
19575442
19595456
19653305
19792858
19815970
19921200
19934439
20083734
20122319
20137010
20181391
20373050
20495791
20613556
20660069
20690843
20696471
20839075
21034894
21036072
21075757
21088646
21334911
21352894
21355807
21455702
21472976
21543114
21623562
21649712
21885070
21931293
21985713
21992970
22051281
22071352
22103965
22121052
22207604
22231722
22337397
22447769
22771098
22797960
22840802
22888016
22953643
22956956
22958808
22961670
22974043
23090765
23108502
23150121
23278221
23327178
23406175
23434269
23475586
23515178
23526091
23558021
23625859
23678382
23688344
23703875
23715169
23760749
23847671
23859304
23868863
24004331
24004343
24011711
24039851
24056225
24100687
24168264
24268394
24327244
24398195
24443347
24446473
24500785
24535074
24630157
24702673
24859461
24912878
24951048
25076542
25175216
25201643
25204522
25227180
25231161
25256666
25425048
25518299
25590975
25598072
25611092
25628013
25698261
25702535
25720384
25917945
25951921
25987265
26042622
26051867
26121978
26275911
26319981
26340132
26397247
26501937
26584412
26594357
26596498
26602900
26631923
26671204
26690793
26729217
26750608
26840276
26847499
26992619
27015665
27022549
27027714
27079435
27142254
27223252
27264620
27334003
27399850
27514703
27558926
27670964
27737438
27748691
27780375
27863648
27931575
27939739
27994395
28033643
28068879
28266691
28281415
28330628
28369343
28452709
28490406
28526874
28544348
28579781
28620160
28708470
28737307
28762567
28778504
28831833
29039988
29050590
29061356
29128386
29285521
29368176
29474522
29543562
29607275
29615798
29624479
29643810
29660790
29671949
29702721
29724622
29967311
30058213
30062657
30091512
30183745
30281899
30338691
30343013
30367544
30410326
30468567
30522504
30523703
30608294
30615257
30640432
30985064
30986157
31009327
31016876
31040039
